9427	9856	9608.1057884232
9904	10357	10110.430962343
10426	10856	10616.793859649
10923	11357	11125.46559633
11438	11857	11631.332535885
11947	12357	12140.436408978
12432	12857	12626.948186528
12943	13357	13133.685483871
13439	13857	13667.26183844
13951	14357	14147.988439306
14458	14857	14697.086567164
14948	15357	15148.74382716
15448	15858	15679.573248408
15952	16357	16191.340983607
16456	16857	16662.283783784
16944	17356	17158.794425087
3726	3823	3774
17940	18357	18133.838235294
18448	18857	18650.671698113
18925	19357	19151.399224806
19505	19857	19675.87250996
19953	20357	20134.387755102
20486	20857	20669.8375
20955	21357	21153.756410256
21494	21857	21662.109170306
21973	22357	22170.303571429
22490	22857	22652.853881279
22933	23357	23152.817757009
23490	23857	23673.866666667
23919	24357	24170.189320388
24472	24857	24675.766169154
3728	3728	3728
