9682	10284	10009.88
10181	10761	10489.958158996
10701	11285	10989.605263158
11231	11808	11486.756880734
11714	12230	12003.392344498
12243	12806	12515.11
12722	13280	13004.694300518
13243	13772	13494.26344086
13711	14280	14001.402234637
14208	14765	14514.184971098
14809	15263	15083.353293413
15223	15780	15521.512345679
15709	16275	16017.681528662
16358	16819	16590.881578947
16752	17263	17032.040540541
17233	17789	17561.629370629
17775	18270	18048.352517986
18239	18754	18523.985294118
18749	19269	19028.151515152
19284	19766	19547.341085271
19774	20236	20020.968
20252	20760	20521.524590164
20748	21251	21017.441666667
21261	21779	21509.820512821
21801	22249	22025.824561404
22269	22768	22532.392857143
22797	23236	23009.018348624
23224	23735	23494.514018692
23757	24246	24003.40952381
24203	24808	24525.640776699
24760	25265	25031.05
25275	25775	25533.191919192
