9856
9814
9819
9818
9819
9850
9815
9819
9818
9818
9818
9818
9817
9813
9816
9816
9816
9816
9815
9815
9813
9815
9815
9813
9814
9813
9814
9589
9821
9592
9737
9571
9694
9783
9558
9679
9520
9626
9631
9674
9678
9696
9556
9695
9551
9829
9786
9566
9561
9541
9702
9561
9691
9714
9692
9571
9692
9528
9542
9596
9559
9608
9621
9684
9566
9563
9567
9544
9564
9568
9535
9744
9530
9577
9833
9587
9830
9637
9728
9576
9775
9611
9716
9632
9700
9578
9588
9760
9547
9560
9658
9536
9662
9542
9542
9666
9556
9796
9681
9675
9662
9664
9619
9679
9715
9513
9559
9606
9566
9570
9534
9511
9542
9565
9563
9528
9627
9586
9575
9703
9717
9604
9821
9589
9773
9611
9558
9702
9575
9583
9717
9625
9734
9564
9594
9710
9564
9768
9761
9567
9566
9574
9611
9582
9712
9721
9626
9732
9736
9531
9570
9611
9729
9696
9693
9562
9563
9576
9625
9566
9686
9792
9570
9568
9581
9589
9613
9599
9810
9770
9760
9598
9534
9693
9682
9604
9708
9611
9583
9616
9594
9610
9618
9617
9579
9637
9599
9632
9636
9577
9779
9802
9717
9591
9595
9716
9712
9717
9739
9799
9759
9800
9555
9761
9583
9580
9607
9724
9640
9579
9509
9653
9586
9531
9800
9516
9558
9506
9532
9650
9500
9751
9544
9516
9527
9651
9508
9520
9633
9581
9631
9726
9484
9556
9496
9663
9701
9687
9553
9580
9528
9546
9570
9501
9524
9630
9529
9628
9674
9639
9792
9565
9623
9510
9517
9628
9538
9522
9505
9507
9738
9515
9729
9533
9519
9477
9777
9648
9629
9708
9511
9641
9708
9620
9536
9515
9617
9660
9478
9510
9551
9528
9490
9564
9546
9620
9490
9544
9492
9523
9620
9559
9572
9563
9745
9510
9522
9481
9520
9754
9449
9674
9660
9513
9513
9513
9630
9527
9627
9557
9493
9508
9496
9617
9659
9742
9631
9505
9509
9486
9776
9494
9612
9492
9662
9752
9530
9757
9652
9626
9512
9480
9506
9480
9549
9599
9473
9547
9530
9755
9712
9500
9608
9623
9624
9490
9545
9554
9640
9484
9498
9513
9744
9506
9491
9630
9552
9767
9487
9537
9513
9704
9692
9537
9749
9530
9477
9500
9704
9619
9513
9477
9486
9517
9536
9600
9617
9600
9473
9502
9508
9615
9531
9684
9658
9497
9651
9456
9729
9493
9512
9452
9430
9748
9536
9495
9619
9754
9611
9609
9591
9615
9610
9647
9611
9473
9611
9504
9450
9546
9458
9480
9477
9476
9475
9460
9481
9695
9528
9607
9634
9746
9710
9460
9505
9479
9591
9618
9605
9606
9580
9606
9471
9504
9672
9587
9478
9484
9586
9604
9582
9451
9483
9618
9661
9586
9740
9517
9660
9584
9595
9739
9615
9445
9641
9516
9532
9512
9595
9473
9577
9519
9590
9439
9427
9430
9467
9521
9577
9608
9584
9741
9553
9499
9580
9576
9461
9592
9489
9667
9686
9491
9592
9444
9467
9481
9598
9446
9500
9456
9613
9453
9450
9481
9520
9603
9590
9453
9504
9466
9729
