9752	10161	9920.2694610778
10180	10662	10427.912133891
10741	11162	10940.103070175
11232	11662	11435.275229358
11721	12162	11934.933014354
12235	12663	12428.134663342
12743	13162	12932.533678756
13249	13662	13441.330645161
13737	14162	13941.543175487
14242	14662	14437.080924855
14754	15162	14948.788059701
15244	15662	15434.734567901
15733	16162	15945.843949045
16251	16662	16445.9375
16750	17162	16942.77027027
17253	17663	17458.581881533
17730	18162	17964.082437276
18210	18663	18441.727941176
18735	19162	18943.724528302
19244	19662	19448.042635659
19760	20162	19965.462151394
20266	20663	20444.110204082
20768	21162	20961.3375
21239	21663	21447.55982906
21775	22162	21964.240174672
22266	22662	22450.339285714
22788	23163	22952.520547945
23232	23662	23449.658878505
23779	24162	23952.957142857
24180	24663	24447.873786408
24776	25163	24960.860696517
25244	25662	25444.585858586
