9728	10219	9996.208
10282	10716	10512.376569038
10757	11245	11002.364035088
11287	11734	11506.944954128
11788	12217	11999.751196172
12258	12733	12501.665
12764	13206	13006.331606218
13221	13718	13503.456989247
13764	14212	13994.162011173
14271	14702	14487.190751445
14800	15247	15040.532934132
15252	15704	15491.802469136
15796	16214	16011.076433121
16322	16756	16534.901315789
16804	17239	17019.472972973
17278	17737	17539.13986014
17815	18246	18021.712230216
18256	18742	18506.176470588
18766	19209	19015.363636364
19282	19725	19543.852713178
19769	20216	20020.616
20318	20739	20518.081967213
20823	21198	21023.991666667
21295	21684	21511.735042735
21826	22176	22015.552631579
22312	22682	22508.607142857
22826	23191	23014.587155963
23321	23694	23510.719626168
23776	24177	24001.342857143
24310	24790	24523.398058252
24836	25180	25019.03
25373	25727	25540.545454545
