   66.317657
   66.317665
   66.343125
   66.343127
   66.368655
   66.368661
   66.394158
   66.394165
   66.419656
   66.419663
   66.445152
   66.445159
   66.470643
   66.470665
   66.496284
   66.496316
   66.521714
   66.521723
   66.547220
   66.547246
   66.572717
   66.572742
   66.598308
   66.598340
   66.623732
   66.623744
   66.649219
   66.649252
   66.674810
   66.674844
   66.700218
   66.700256
   66.725671
   66.725699
   66.751271
   66.751292
   66.776662
   66.776693
   66.802244
   66.802281
   66.827786
   66.827808
   66.853245
   66.853281
   66.878792
   66.878813
   66.904162
   66.904184
   66.929669
   66.929704
   66.955226
   66.955263
   66.980624
   66.980637
   67.006093
   67.006098
   67.031741
   67.031777
   67.057163
   67.057193
   67.082729
   67.082764
   67.108162
   67.108173
   67.133734
   67.133771
   67.159086
   67.159091
   67.184649
   67.184671
   67.210207
   67.210232
   67.235708
   67.235750
   67.261081
   67.261084
   67.286635
   67.286669
   67.312115
   67.312140
   67.337596
   67.337609
   67.363075
   67.363079
   67.388680
   67.388692
   67.414095
   67.414120
   67.439577
   67.439627
   67.465071
   67.465074
   67.490631
   67.490640
   67.516206
   67.516214
   67.541611
   67.541635
   67.567188
   67.567216
   67.592777
   67.592824
   67.618116
   67.618141
   67.643608
   67.643616
   67.669079
   67.669103
   67.694563
   67.694572
   67.720123
   67.720133
   67.745764
   67.745782
   67.771127
   67.771155
   67.796582
   67.796607
   67.822145
   67.822168
   67.847810
   67.847839
   67.873052
   67.873058
   67.898674
   67.898687
   67.924050
   67.924067
   67.949656
   67.949670
   67.975258
   67.975291
   68.000794
   68.000824
   68.026177
   68.026209
   68.051668
   68.051697
   68.077051
   68.077056
   68.102779
   68.102811
   68.128165
   68.128190
   68.153646
   68.153681
   68.179042
   68.179048
   68.204695
   68.204727
   68.230228
   68.230259
   68.255657
   68.255670
   68.281036
   68.281041
   68.306531
   68.306534
   68.332088
   68.332114
   68.357654
   68.357679
   68.383211
   68.383242
   68.408632
   68.408644
   68.434025
   68.434043
   68.459771
   68.459802
   68.485155
   68.485188
   68.510647
   68.510674
   68.536047
   68.536073
   68.561629
   68.561661
   68.587173
   68.587204
   68.612652
   68.612684
   68.638121
   68.638152
   68.663703
   68.663736
   68.689040
   68.689066
   68.714752
   68.714783
   68.740151
   68.740160
   68.765749
   68.765782
   68.791088
   68.791101
   68.816644
   68.816681
   68.842164
   68.842222
   68.867513
   68.867534
   68.893082
   68.893107
   68.918702
   68.918743
   68.944090
   68.944125
   68.969589
   68.969618
   68.995206
   68.995238
   69.020718
   69.020750
   69.046186
   69.046218
   69.071530
   69.071555
   69.097065
   69.097088
   69.122582
   69.122608
   69.148016
   69.148038
   69.173615
   69.173640
   69.198989
   69.198992
   69.224714
   69.224744
   69.250112
   69.250137
   69.275521
   69.275546
   69.301193
   69.301225
   69.326611
   69.326636
   69.352019
   69.352028
   69.377608
   69.377633
   69.403108
   69.403133
   69.428578
   69.428606
   69.453980
   69.454001
   69.479691
   69.479721
   69.505058
   69.505083
   69.530732
   69.530749
   69.556137
   69.556169
   69.581521
   69.581529
   69.606971
   69.606974
   69.632527
   69.632557
   69.658095
   69.658122
   69.683711
   69.683744
   69.709100
   69.709132
   69.734575
   69.734584
   69.760148
   69.760181
   69.785723
   69.785755
   69.811084
   69.811097
   69.836738
   69.836768
   69.862145
   69.862194
   69.887664
   69.887695
   69.913088
   69.913120
   69.938455
   69.938459
   69.964013
   69.964039
   69.989660
   69.989691
   70.015058
   70.015089
   70.040588
   70.040610
   70.065952
   70.065972
   70.091463
   70.091469
   70.117042
   70.117065
   70.142665
   70.142696
   70.168137
   70.168170
   70.193653
   70.193685
   70.219125
   70.219156
   70.244633
   70.244665
   70.269941
   70.269944
   70.295447
   70.295457
   70.321161
   70.321175
   70.346690
   70.346721
   70.371968
   70.371990
   70.397664
   70.397696
   70.423133
   70.423164
   70.448690
   70.448722
   70.474073
   70.474122
   70.499560
   70.499593
   70.525117
   70.525149
   70.550690
   70.550721
   70.576019
   70.576044
   70.601426
   70.601430
   70.626925
   70.626929
   70.652637
   70.652669
   70.677952
   70.677980
   70.703668
   70.703699
   70.729027
   70.729052
   70.754544
   70.754570
   70.779920
   70.779940
   70.805606
   70.805655
   70.831051
   70.831078
   70.856540
   70.856565
   70.882004
   70.882026
   70.907479
   70.907509
   70.932912
   70.932915
   70.958523
   70.958541
   70.984054
   70.984087
   71.009463
   71.009488
   71.035028
   71.035038
   71.060413
   71.060418
   71.086009
   71.086021
   71.111528
   71.111552
   71.136913
   71.136918
   71.162648
   71.162686
   71.188042
   71.188062
   71.213525
   71.213537
   71.239086
   71.239119
   71.264436
   71.264462
   71.290046
   71.290059
   71.315461
   71.315512
