.000008
.000002
.000006
.000007
.000007
.000007
.000022
.000032
.000009
.000026
.000025
.000032
.000012
.000033
.000034
.000038
.000028
.000021
.000031
.000037
.000022
.000036
.000021
.000022
.000035
.000037
.000013
.000005
.000036
.000030
.000035
.000011
.000037
.000005
.000022
.000025
.000042
.000003
.000034
.000025
.000013
.000004
.000012
.000025
.000050
.000003
.000009
.000008
.000024
.000028
.000047
.000025
.000008
.000024
.000009
.000010
.000018
.000028
.000025
.000023
.000029
.000006
.000013
.000017
.000014
.000033
.000030
.000032
.000029
.000005
.000032
.000025
.000035
.000006
.000032
.000031
.000013
.000005
.000003
.000026
.000025
.000031
.000012
.000018
.000031
.000033
.000027
.000026
.000032
.000031
.000032
.000031
.000033
.000026
.000031
.000009
.000033
.000013
.000037
.000058
.000021
.000025
.000041
.000035
.000029
.000032
.000032
.000032
.000025
.000023
.000026
.000022
.000025
.000003
.000030
.000025
.000025
.000032
.000025
.000009
.000025
.000025
.000028
.000021
.000030
.000025
.000017
.000032
.000008
.000003
.000030
.000027
.000033
.000032
.000009
.000033
.000032
.000013
.000030
.000049
.000031
.000032
.000004
.000026
.000031
.000031
.000022
.000020
.000006
.000023
.000031
.000033
.000032
.000031
.000032
.000003
.000010
.000014
.000031
.000022
.000032
.000031
.000032
.000049
.000033
.000032
.000031
.000025
.000004
.000004
.000032
.000028
.000031
.000025
.000026
.000020
.000049
.000027
.000025
.000022
.000030
.000003
.000018
.000033
.000025
.000010
.000005
.000012
.000024
.000005
.000038
.000020
.000012
.000033
.000026
.000013
.000051
