9907	10122	9999.308
9905	10121	9996.948
9914	10055	9999.24
2	9504	530.56025934401
9923	10077	9998.44
9946	10045	9998.276
9946	10067	9999.14
9953	10046	9998.26
9962	10044	10000.24
9954	10034	9999.104
9889	10025	9999.504
9941	10019	9999.4
9943	10017	9998.744
9956	10060	10000.62
9985	10016	9999.704
9973	10072	10000.472
9928	10056	10000.796
9943	10030	9999.348
9944	10050	9998.784
9973	10088	10000.616
9938	10061	9998.152
9973	10052	10000.296
9987	10030	10000.248
9943	10025	10000.016
9982	10009	9999.748
9972	10009	9999.824
9977	10027	10000.588
9993	10019	9999.928
9984	10019	9999.812
9984	10016	9999.624
9872	10132	10000.952
9893	10109	10000.816
