.010006
.009968
.009964
.010047
.010056
.009996
.009998
.010002
.010001
.009997
.009996
.010002
.010001
.010002
.009996
.009998
.010002
.010002
.009998
.010044
.010002
.010004
.009993
.009998
.010002
.010002
.009999
.010000
.010000
.009911
.010001
.010000
.010003
.010051
.010088
.010100
.010034
.010002
.010000
.009999
.010109
.010104
.009898
.009893
.010014
.010002
.009999
.009998
.009997
.009997
.009971
.010002
.009998
.009999
.010000
.010000
.010000
.009998
.010002
.010002
.010002
.009995
.009996
.010001
.010002
.009996
.010002
.010002
.010003
.009996
.009997
.010002
.010002
.009995
.009998
.010002
.009998
.010002
.009996
.009996
.010000
.010000
.010000
.010000
.010000
.010000
.010000
.010000
.010000
.010000
.010000
.010000
.009998
.010000
.010000
.010000
.010000
.010000
.010000
.010000
.010000
.009999
.010000
.010000
.010000
.009999
.010000
.010000
.010000
.010000
.010000
.010001
.009998
.009998
.010002
.010002
.009998
.009996
.010002
.010002
.010002
.009997
.010002
.010002
.010002
.009995
.009996
.010000
.010000
.010000
.010000
.010000
.010000
.010000
.010000
.010000
.010000
.010000
.010000
.009999
.010000
.009999
.009999
.010000
.010000
.009999
.010000
.010000
.010001
.010000
.010000
.010000
.009999
.010000
.010000
.010000
.010000
.009999
.010001
.009998
.009998
.010002
.010005
.009995
.009998
.010002
.010002
.010000
.010000
.010000
.010000
.010000
.010000
.009999
.010000
.010000
.009999
.010000
.010000
.010000
.010000
.010000
.010000
.009999
.010000
.010000
.010000
.010000
.010000
.010000
.009999
.010000
.010000
.010000
.010000
.010000
.010000
.010000
.010000
.010000
.010000
.010000
.010000
.010005
.010002
.010002
.009995
.010009
.010000
.010000
.010000
.010000
.010002
.009999
.009999
.010000
.010000
.009999
.010000
.010000
.010000
.010000
.010000
.010000
.009999
.010000
.010000
.010000
.010000
.010000
.010000
.010009
.010000
.010000
.010000
.010000
.010000
.010000
.010000
.010000
.010000
.010000
.010000
.010000
.009971
.010000
.010000
.010000
.009999
.010000
