9869.406876
9869.416882
9869.426911
9869.436879
9869.446942
9869.456906
9869.466877
9869.476924
9869.486877
9869.496933
9869.506881
9869.516877
9869.526878
9869.536876
9869.546878
9869.556880
9869.566876
9869.576877
9869.586880
9869.596877
9869.606879
9869.616875
9869.626877
9869.636879
9869.646875
9869.656876
9869.666874
9869.676876
9869.686878
9869.696874
9869.706876
9869.716874
9869.726875
9869.736877
9869.746874
9869.756876
9869.766877
9869.776875
9869.786877
9869.796921
9869.806874
9869.816876
9869.826874
9869.836878
9869.846881
9869.856874
9869.866875
9869.876873
9869.886875
9869.896877
9869.906873
9869.916875
9869.926871
9869.936870
9869.946870
9869.956870
9869.966870
9869.976870
9869.986975
9869.996886
9870.006973
9870.016974
9870.026869
9870.036869
9870.046972
9870.056975
9870.066920
9870.076971
9870.086884
9870.096972
9870.106868
9870.116968
9870.126868
9870.136902
9870.146971
9870.156973
9870.166973
9870.176973
9870.186972
9870.196971
9870.206867
9870.216976
9870.226866
9870.236970
9870.246970
9870.256868
9870.266974
9870.276867
9870.286905
9870.296919
9870.306904
9870.316906
9870.326897
9870.336896
9870.346899
9870.356897
9870.366898
9870.376895
9870.386897
9870.396894
9870.406919
9870.416890
9870.426967
9870.436969
9870.446865
9870.456863
9870.466863
9870.476862
9870.486862
9870.496862
9870.506862
9870.516862
9870.526863
9870.536863
9870.546865
9870.556863
9870.566865
9870.576867
9870.586863
9870.596865
9870.606862
9870.616864
9870.626866
9870.636861
9870.646864
9870.656860
9870.666862
9870.676863
9870.686861
9870.696863
9870.706865
9870.716861
9870.726863
9870.736865
9870.746860
9870.756862
9870.766860
9870.776863
9870.786864
9870.796860
9870.806862
9870.816859
9870.826861
9870.836863
9870.846859
9870.856861
9870.866863
9870.876858
9870.886860
9870.896858
9870.906860
9870.916862
9870.926858
9870.936856
9870.946857
9870.956859
9870.966861
9870.976857
9870.986859
9870.996855
9871.006855
9871.016855
9871.026854
9871.036854
9871.046854
9871.056854
9871.066854
9871.076854
9871.086853
9871.096853
9871.106853
9871.116853
9871.126853
9871.136853
9871.146853
9871.156853
9871.166852
9871.176852
9871.186852
9871.196852
9871.206852
9871.216852
9871.226851
9871.236851
9871.246853
9871.256851
9871.266851
9871.276851
9871.286850
9871.296850
9871.306850
9871.316850
9871.326850
9871.336850
9871.346850
9871.356850
9871.366849
9871.376849
9871.386849
9871.396849
9871.406849
9871.416849
9871.426849
9871.436848
9871.446848
9871.456848
9871.466848
9871.476848
9871.486848
9871.496848
9871.506848
9871.516847
9871.526847
9871.536847
9871.546847
9871.556847
9871.566846
9871.576846
9871.586846
9871.596846
9871.606846
9871.616846
9871.626846
9871.636847
9871.646849
9871.656847
9871.666849
9871.676847
9871.686849
9871.696851
9871.706846
9871.716848
9871.726848
9871.736846
9871.746848
9871.756844
9871.766845
9871.776847
9871.786845
9871.796847
9871.806845
9871.816847
9871.826847
9871.836844
9871.846844
9871.856846
9871.866844
9871.876846
9871.886844
9871.896846
9871.906848
9871.916843
9871.926845
9871.936841
9871.946841
9871.956841
9871.966841
9871.976841
9871.986840
9871.996840
9872.006840
9872.016840
9872.026840
9872.036840
9872.046839
9872.056839
9872.066839
9872.076839
9872.086839
9872.096839
9872.106839
9872.116839
9872.126838
9872.136838
9872.146838
9872.156838
9872.166838
9872.176838
9872.186838
9872.196837
9872.206837
9872.216837
9872.226837
9872.236836
9872.246837
9872.256836
9872.266836
9872.276836
9872.286836
9872.296836
9872.306836
9872.316835
9872.326835
9872.336835
9872.346835
9872.356835
9872.366835
9872.376836
9872.386834
9872.396834
9872.406834
9872.416834
9872.426834
9872.436834
9872.446834
9872.456833
9872.466833
9872.476833
9872.486833
9872.496833
9872.506833
9872.516833
9872.526832
9872.536832
9872.546835
9872.556834
9872.566832
9872.576833
9872.586835
9872.596833
9872.606835
9872.616833
9872.626835
9872.636837
9872.646832
9872.656837
9872.666837
9872.676832
9872.686834
9872.696832
9872.706834
9872.716836
9872.726831
9872.736833
9872.746829
9872.756829
9872.766829
9872.776829
9872.786829
9872.796829
9872.806828
9872.816828
9872.826828
9872.836828
9872.846828
9872.856828
9872.866828
9872.876827
9872.886827
9872.896827
9872.906827
9872.916827
9872.926827
9872.936826
9872.946826
9872.956826
9872.966826
9872.976826
9872.986826
9872.996826
9873.006825
9873.016825
9873.026825
9873.036825
9873.046825
9873.056825
9873.066825
9873.076824
9873.086824
9873.096824
9873.106824
9873.116824
9873.126824
9873.136824
9873.146823
9873.156823
9873.166823
9873.176823
9873.186823
9873.196823
9873.206823
9873.216822
9873.226822
9873.236822
9873.246822
9873.256822
9873.266822
9873.276822
9873.286821
9873.296821
9873.306821
9873.316821
9873.326821
9873.336821
9873.346820
9873.356820
9873.366820
9873.376820
9873.386820
9873.396820
9873.406820
9873.416820
9873.426819
9873.436819
9873.446819
9873.456819
9873.466820
9873.476825
9873.486820
9873.496822
9873.506820
9873.516822
9873.526824
9873.536819
9873.546821
9873.556830
9873.566817
9873.576817
9873.586817
9873.596817
9873.606817
9873.616817
9873.626816
9873.636816
9873.646816
9873.656818
9873.666816
9873.676815
9873.686816
9873.696815
9873.706815
9873.716815
9873.726815
9873.736815
9873.746815
9873.756814
9873.766814
9873.776814
9873.786814
9873.796814
9873.806814
9873.816814
9873.826813
9873.836813
9873.846813
9873.856813
9873.866813
9873.876813
9873.886813
9873.896812
9873.906812
9873.916812
9873.926812
9873.936812
9873.946812
9873.956812
9873.966811
9873.976811
9873.986811
9873.996811
9874.006811
9874.016811
9874.026810
9874.036819
9874.046810
9874.056810
9874.066810
9874.076810
9874.086810
9874.096810
9874.106809
9874.116809
9874.126809
9874.136809
9874.146809
9874.156809
9874.166808
9874.176808
9874.186808
9874.196808
9874.206808
9874.216808
9874.226808
9874.236808
9874.246807
9874.256807
9874.266807
9874.276807
9874.286836
9874.296807
9874.306806
9874.316806
9874.326806
9874.336806
9874.346806
9874.356806
9874.366806
9874.376805
9874.386805
9874.396805
9874.406805
