.000006
.000006
.000007
.000023
.000005
.000024
.000022
.000022
.000007
.000005
.000004
.000023
.000025
.000006
.000003
.000004
.000005
.000007
.000024
.000003
.000023
.000023
.000023
.000007
.000006
.000006
.000027
.000023
.000024
.000023
.000024
.000023
.000003
.000007
.000024
.000006
.000024
.000024
.000005
.000023
.000007
.000024
.000007
.000023
.000023
.000005
.000001
.000005
.000001
.000006
.000023
.000024
.000005
.000005
.000006
.000002
.000024
.000024
.000021
.000024
.000024
.000023
.000023
.000023
.000001
.000025
.000003
.000023
.000018
.000001
.000023
.000005
.000007
.000008
.000007
.000006
.000024
.000003
.000025
.000001
.000006
.000023
.000003
.000006
.000024
.000005
.000040
.000007
.000011
.000003
.000021
.000006
.000020
.000003
.000010
.000021
.000011
.000005
.000020
.000021
.000007
.000021
.000005
.000020
.000019
.000020
.000011
.000021
.000011
.000004
.000005
.000021
.000020
.000021
.000011
.000020
.000011
.000021
.000010
.000020
.000011
.000010
.000011
.000002
.000020
.000004
.000010
.000023
.000002
.000022
.000007
.000024
.000048
.000003
.000007
.000007
.000022
.000005
.000022
.000022
.000004
.000023
.000003
.000005
.000023
.000023
.000008
.000023
.000001
.000006
.000023
.000024
.000023
.000024
.000007
.000002
.000027
.000040
.000023
.000005
.000022
.000024
.000006
.000005
.000019
.000023
.000006
.000006
.000005
.000001
.000006
.000045
.000006
.000005
.000005
.000004
.000022
.000041
.000005
.000005
.000001
.000023
.000002
.000004
.000005
.000025
.000008
.000007
.000020
.000011
.000011
.000021
.000020
.000011
.000002
.000004
.000015
