26516.033683
26516.033689
26516.059246
26516.059252
26516.084750
26516.084757
26516.110362
26516.110385
26516.135922
26516.135927
26516.161360
26516.161384
26516.186867
26516.186889
26516.212358
26516.212380
26516.237777
26516.237784
26516.263245
26516.263250
26516.288670
26516.288674
26516.314273
26516.314296
26516.339851
26516.339876
26516.365274
26516.365280
26516.390661
26516.390664
26516.416342
26516.416346
26516.441790
26516.441795
26516.467270
26516.467277
26516.492860
26516.492884
26516.518193
26516.518196
26516.543858
26516.543881
26516.569337
26516.569360
26516.594861
26516.594884
26516.620193
26516.620200
26516.645724
26516.645730
26516.671264
26516.671270
26516.696703
26516.696730
26516.722334
26516.722357
26516.747762
26516.747786
26516.773336
26516.773359
26516.798840
26516.798864
26516.824292
26516.824315
26516.849755
26516.849758
26516.875261
26516.875268
26516.900852
26516.900876
26516.926261
26516.926267
26516.951831
26516.951855
26516.977349
26516.977373
26517.002653
26517.002658
26517.028321
26517.028344
26517.053739
26517.053746
26517.079263
26517.079287
26517.104656
26517.104663
26517.130319
26517.130342
26517.155838
26517.155861
26517.181287
26517.181292
26517.206627
26517.206628
26517.232173
26517.232178
26517.257626
26517.257627
26517.283242
26517.283248
26517.308830
26517.308853
26517.334316
26517.334340
26517.359742
26517.359747
26517.385231
26517.385236
26517.410747
26517.410753
26517.436121
26517.436123
26517.461861
26517.461885
26517.487338
26517.487362
26517.512743
26517.512764
26517.538300
26517.538324
26517.563873
26517.563897
26517.589322
26517.589345
26517.614837
26517.614860
26517.640291
26517.640314
26517.665616
26517.665617
26517.691320
26517.691345
26517.716615
26517.716618
26517.742302
26517.742325
26517.767633
26517.767651
26517.793113
26517.793114
26517.818846
26517.818869
26517.844239
26517.844244
26517.869761
26517.869768
26517.895235
26517.895243
26517.920701
26517.920708
26517.946236
26517.946242
26517.971813
26517.971837
26517.997227
26517.997230
26518.022691
26518.022716
26518.048107
26518.048108
26518.073733
26518.073739
26518.099303
26518.099326
26518.124652
26518.124655
26518.150230
26518.150236
26518.175842
26518.175866
26518.201133
26518.201138
26518.226810
26518.226850
26518.252226
26518.252233
26518.277763
26518.277774
26518.303166
26518.303169
26518.328673
26518.328694
26518.354147
26518.354153
26518.379670
26518.379690
26518.405159
26518.405162
26518.430793
26518.430803
26518.456131
26518.456152
26518.481800
26518.481811
26518.507177
26518.507182
26518.532667
26518.532687
26518.558159
26518.558180
26518.583746
26518.583753
26518.609164
26518.609185
26518.634795
26518.634800
26518.660170
26518.660190
26518.685595
26518.685614
26518.711163
26518.711183
26518.736773
26518.736784
26518.762161
26518.762182
26518.787681
26518.787692
26518.813116
26518.813120
26518.838802
26518.838807
26518.864124
26518.864145
26518.889658
26518.889678
26518.915158
26518.915179
26518.940765
26518.940776
26518.966157
26518.966177
26518.991729
26518.991740
26519.017156
26519.017177
26519.042767
26519.042777
26519.068159
26519.068179
26519.093743
26519.093754
26519.119239
26519.119249
26519.144737
26519.144748
26519.170081
26519.170083
26519.195652
26519.195672
26519.221200
26519.221204
26519.246836
26519.246846
26519.272142
26519.272165
26519.297612
26519.297614
26519.323281
26519.323303
26519.348608
26519.348615
26519.374180
26519.374204
26519.399810
26519.399858
26519.425194
26519.425197
26519.450702
26519.450709
26519.476200
26519.476207
26519.501834
26519.501856
26519.527184
26519.527189
26519.552842
26519.552864
26519.578196
26519.578218
26519.603741
26519.603745
26519.629266
26519.629289
26519.654689
26519.654692
26519.680261
26519.680266
26519.705775
26519.705798
26519.731257
26519.731280
26519.756590
26519.756598
26519.782264
26519.782287
26519.807566
26519.807567
26519.833178
26519.833184
26519.858771
26519.858794
26519.884269
26519.884293
26519.909777
26519.909800
26519.935262
26519.935286
26519.960686
26519.960693
26519.986079
26519.986081
26520.011566
26520.011593
26520.037265
26520.037305
26520.062802
26520.062825
26520.088186
26520.088191
26520.113753
26520.113775
26520.139266
26520.139290
26520.164685
26520.164691
26520.190274
26520.190279
26520.215683
26520.215702
26520.241261
26520.241284
26520.266680
26520.266686
26520.292182
26520.292188
26520.317679
26520.317684
26520.343055
26520.343056
26520.368679
26520.368685
26520.394080
26520.394125
26520.419676
26520.419682
26520.445104
26520.445109
26520.470675
26520.470680
26520.496228
26520.496232
26520.521675
26520.521697
26520.547247
26520.547288
26520.572672
26520.572677
26520.598176
26520.598181
26520.623548
26520.623549
26520.649242
26520.649265
26520.674546
26520.674548
26520.700083
26520.700087
26520.725609
26520.725614
26520.751204
26520.751229
26520.776614
26520.776622
26520.802171
26520.802178
26520.827614
26520.827634
26520.853211
26520.853222
26520.878737
26520.878748
26520.904073
26520.904094
26520.929612
26520.929632
26520.955196
26520.955207
26520.980539
26520.980541
26521.006044
26521.006048
26521.031704
26521.031719
