 1240.044128
 1240.044135
 1240.069624
 1240.069631
 1240.095123
 1240.095130
 1240.120623
 1240.120630
 1240.146123
 1240.146130
 1240.171594
 1240.171596
 1240.197191
 1240.197215
 1240.222601
 1240.222606
 1240.248191
 1240.248216
 1240.273692
 1240.273716
 1240.299168
 1240.299195
 1240.324663
 1240.324690
 1240.350121
 1240.350168
 1240.375590
 1240.375595
 1240.401261
 1240.401280
 1240.426718
 1240.426735
 1240.452089
 1240.452134
 1240.477622
 1240.477685
 1240.503266
 1240.503285
 1240.528655
 1240.528680
 1240.554283
 1240.554303
 1240.579722
 1240.579756
 1240.605157
 1240.605184
 1240.630594
 1240.630604
 1240.656161
 1240.656197
 1240.681658
 1240.681685
 1240.707128
 1240.707199
 1240.732643
 1240.732654
 1240.758255
 1240.758274
 1240.783581
 1240.783586
 1240.809149
 1240.809171
 1240.834650
 1240.834703
 1240.860229
 1240.860249
 1240.885578
 1240.885583
 1240.911150
 1240.911175
 1240.936644
 1240.936653
 1240.962143
 1240.962152
 1240.987648
 1240.987675
 1241.013109
 1241.013136
 1241.038643
 1241.038665
 1241.064113
 1241.064157
 1241.089643
 1241.089665
 1241.115125
 1241.115145
 1241.140645
 1241.140671
 1241.166125
 1241.166136
 1241.191571
 1241.191575
 1241.217198
 1241.217213
 1241.242602
 1241.242643
 1241.268158
 1241.268170
 1241.293695
 1241.293710
 1241.319243
 1241.319263
 1241.344570
 1241.344594
 1241.370153
 1241.370175
 1241.395641
 1241.395676
 1241.421141
 1241.421166
 1241.446597
 1241.446638
 1241.472268
 1241.472287
 1241.497639
 1241.497664
 1241.523129
 1241.523158
 1241.548612
 1241.548624
 1241.574280
 1241.574301
 1241.599635
 1241.599660
 1241.625135
 1241.625160
 1241.650636
 1241.650649
 1241.676108
 1241.676137
 1241.701714
 1241.701742
 1241.727252
 1241.727272
 1241.752699
 1241.752722
 1241.778223
 1241.778239
 1241.803558
 1241.803564
 1241.829243
 1241.829268
 1241.854602
 1241.854615
 1241.880245
 1241.880260
 1241.905705
 1241.905727
 1241.931083
 1241.931126
 1241.956696
 1241.956718
 1241.982118
 1241.982147
 1242.007621
 1242.007651
 1242.033086
 1242.033101
 1242.058578
 1242.058606
 1242.084117
 1242.084145
 1242.109638
 1242.109661
 1242.135077
 1242.135092
 1242.160638
 1242.160660
 1242.186226
 1242.186248
 1242.211618
 1242.211646
 1242.237124
 1242.237138
 1242.262612
 1242.262640
 1242.288206
 1242.288229
 1242.313591
 1242.313604
 1242.339161
 1242.339192
 1242.364625
 1242.364640
 1242.390173
 1242.390198
 1242.415569
 1242.415590
 1242.441273
 1242.441303
 1242.466684
 1242.466691
 1242.492289
 1242.492306
 1242.517571
 1242.517578
 1242.543166
 1242.543190
 1242.568749
 1242.568780
 1242.594238
 1242.594254
 1242.619733
 1242.619762
 1242.645294
 1242.645308
 1242.670657
 1242.670673
 1242.696127
 1242.696152
 1242.721750
 1242.721767
 1242.747163
 1242.747188
 1242.772663
 1242.772688
 1242.798257
 1242.798272
 1242.823671
 1242.823694
 1242.849038
 1242.849046
 1242.874679
 1242.874688
 1242.900260
 1242.900275
 1242.925652
 1242.925681
 1242.951279
 1242.951296
 1242.976714
 1242.976728
 1243.002068
 1243.002077
 1243.027641
 1243.027672
 1243.053258
 1243.053287
 1243.078619
 1243.078642
 1243.104028
 1243.104032
 1243.129663
 1243.129693
 1243.155097
 1243.155121
 1243.180735
 1243.180752
 1243.206255
 1243.206272
 1243.231594
 1243.231619
 1243.257266
 1243.257297
 1243.282626
 1243.282649
 1243.308072
 1243.308094
 1243.333643
 1243.333668
 1243.359127
 1243.359142
 1243.384733
 1243.384750
 1243.410143
 1243.410167
 1243.435725
 1243.435755
 1243.461175
 1243.461188
 1243.486532
 1243.486538
 1243.512143
 1243.512169
 1243.537518
 1243.537534
 1243.563143
 1243.563168
 1243.588638
 1243.588662
 1243.614141
 1243.614149
 1243.639710
 1243.639740
 1243.665142
 1243.665166
 1243.690657
 1243.690666
 1243.716139
 1243.716164
 1243.741625
 1243.741650
 1243.767160
 1243.767168
 1243.792703
 1243.792733
 1243.818026
 1243.818033
 1243.843615
 1243.843680
 1243.869227
 1243.869257
 1243.894697
 1243.894728
 1243.920237
 1243.920254
 1243.945628
 1243.945636
 1243.971143
 1243.971173
 1243.996626
 1243.996651
 1244.022029
 1244.022051
 1244.047507
 1244.047511
 1244.073252
 1244.073268
 1244.098624
 1244.098629
 1244.124133
 1244.124157
 1244.149709
 1244.149740
 1244.175131
 1244.175156
 1244.200638
 1244.200683
 1244.226007
 1244.226018
 1244.251692
 1244.251723
 1244.277128
 1244.277153
 1244.302505
 1244.302513
 1244.328001
 1244.328005
 1244.353629
 1244.353650
 1244.379000
 1244.379003
 1244.404605
 1244.404630
 1244.430265
 1244.430315
 1244.455512
 1244.455520
 1244.481192
 1244.481221
 1244.506539
 1244.506547
 1244.532276
 1244.532291
 1244.557551
 1244.557575
 1244.583213
 1244.583225
 1244.608594
 1244.608602
 1244.634241
 1244.634257
 1244.659577
 1244.659599
 1244.685104
 1244.685134
 1244.710606
 1244.710615
 1244.735997
 1244.736019
 1244.761691
 1244.761722
 1244.786992
 1244.786998
 1244.812552
 1244.812578
 1244.838133
 1244.838156
 1244.863504
 1244.863510
 1244.889095
 1244.889113
 1244.914568
 1244.914580
 1244.940060
 1244.940087
 1244.965629
 1244.965649
 1244.991013
 1244.991055
 1245.016617
 1245.016637
 1245.042056
 1245.042153
