.000007
.000007
.000007
.000007
.000007
.000002
.000024
.000005
.000025
.000024
.000027
.000027
.000047
.000005
.000019
.000017
.000045
.000063
.000019
.000025
.000020
.000034
.000027
.000010
.000036
.000027
.000071
.000011
.000019
.000005
.000022
.000053
.000020
.000005
.000025
.000009
.000009
.000027
.000027
.000022
.000044
.000022
.000020
.000026
.000011
.000004
.000015
.000041
.000012
.000015
.000020
.000024
.000022
.000035
.000025
.000041
.000019
.000025
.000029
.000012
.000021
.000025
.000025
.000013
.000029
.000028
.000020
.000023
.000016
.000006
.000025
.000013
.000015
.000022
.000043
.000022
.000029
.000030
.000015
.000028
.000028
.000023
.000015
.000022
.000022
.000028
.000014
.000028
.000023
.000013
.000031
.000015
.000025
.000021
.000030
.000007
.000017
.000007
.000024
.000031
.000016
.000029
.000014
.000016
.000025
.000017
.000025
.000025
.000015
.000023
.000008
.000009
.000015
.000029
.000017
.000014
.000009
.000031
.000029
.000023
.000004
.000030
.000024
.000017
.000017
.000025
.000031
.000023
.000022
.000025
.000015
.000017
.000024
.000030
.000013
.000006
.000026
.000016
.000025
.000024
.000008
.000030
.000024
.000009
.000025
.000025
.000008
.000030
.000007
.000065
.000030
.000031
.000017
.000008
.000030
.000025
.000022
.000004
.000016
.000005
.000024
.000031
.000025
.000045
.000011
.000031
.000025
.000008
.000004
.000021
.000003
.000025
.000050
.000008
.000029
.000008
.000015
.000024
.000012
.000008
.000016
.000022
.000030
.000009
.000022
.000031
.000006
.000026
.000023
.000006
.000018
.000012
.000027
.000020
.000042
.000020
.000097
